2.204043119332684542e-01 1.076447465763246125e-01 0.000000000000000000e+00 5.794721744617470360e-01 9.247876702865978626e-02
2.540271413699041192e-01 1.362134794021710726e-01 0.000000000000000000e+00 5.342445105716708831e-01 7.551486865625392508e-02
4.456161471547440134e-01 1.764130966775061260e-01 2.826398926842094150e-02 1.192853335823585992e-01 2.304214333169703477e-01
4.106405831935783790e-01 6.003752369777570763e-02 2.826398926842094150e-02 2.897055876658149454e-01 2.113523161744099155e-01
3.216443318535434637e-01 1.822372730485391501e-01 5.831193065654998939e-03 3.232686769907079927e-01 1.670185250415545108e-01
3.655100581336962473e-01 1.344496778010524085e-01 1.832342423606846821e-02 3.250934820108656864e-01 1.566233578183172104e-01
5.126883417943128851e-01 5.141813457803558196e-02 0.000000000000000000e+00 4.354725373750956696e-01 4.209862525557936451e-04
2.710552240085198350e-01 1.757411557443734895e-01 6.800751354303751980e-03 5.460952691568904394e-01 3.075997359125126032e-04
3.116243953640234765e-01 3.266815800129294067e-01 6.567561439315023133e-03 3.548592147111594985e-01 2.672484725725504141e-04
4.661537153196929628e-01 2.412018414154627755e-01 6.567561439315023133e-03 2.859196668799112162e-01 1.572149456180518010e-04
1.861823120462287040e-01 7.541522273502783424e-02 8.387388142718953804e-03 4.139141732508505589e-01 3.161009038251739733e-01
2.505381617642205017e-01 7.462879437585033526e-02 8.387388142718953804e-03 3.462214618977558223e-01 3.202241938194543835e-01
2.716094168843857792e-01 1.415764044235221508e-01 0.000000000000000000e+00 3.977593761478759316e-01 1.890548025442161939e-01
3.525506990277190722e-01 1.405439170865317999e-01 0.000000000000000000e+00 3.196488004172995945e-01 1.872565834684495889e-01
2.995669292155835883e-01 1.202992533421320537e-01 0.000000000000000000e+00 2.476949566216647969e-01 3.324388608206195750e-01
